Paramtery algorytmu: m=10, beta=1, q0=0.1, p=0.9

Użyte pojazdy:  10
Łączna długość: 828.94
Trasy:
Trasa: 1	 Długość: 90.29	 Ładunek: 160	[0, 43, 42, 41, 40, 44, 46, 45, 48, 51, 50, 52, 49, 47, 0]
Trasa: 2	 Długość: 80.29	 Ładunek: 180	[0, 5, 3, 7, 8, 10, 11, 9, 6, 4, 2, 1, 75, 0]
Trasa: 3	 Długość: 69.85	 Ładunek: 200	[0, 67, 65, 63, 62, 74, 72, 61, 64, 68, 66, 69, 0]
Trasa: 4	 Długość: 47.98	 Ładunek: 190	[0, 98, 96, 95, 94, 92, 93, 97, 100, 99, 0]
Trasa: 5	 Długość: 42.98	 Ładunek: 200	[0, 57, 55, 54, 53, 56, 58, 60, 59, 0]
Trasa: 6	 Długość: 47.98	 Ładunek: 150	[0, 81, 78, 76, 71, 70, 73, 77, 79, 80, 0]
Trasa: 7	 Długość: 50.98	 Ładunek: 170	[0, 90, 87, 86, 83, 82, 84, 85, 88, 89, 91, 0]
Trasa: 8	 Długość: 42.98	 Ładunek: 190	[0, 13, 17, 18, 19, 15, 16, 14, 12, 0]
Trasa: 9	 Długość: 69.85	 Ładunek: 170	[0, 20, 24, 25, 27, 29, 30, 28, 26, 23, 22, 21, 0]
Trasa: 10	 Długość: 47.98	 Ładunek: 200	[0, 32, 33, 31, 35, 37, 38, 39, 36, 34, 0]
